1 0.903333 0.707778 0.067708 0.237037
1 0.664010 0.574074 0.021354 0.151852
1 0.688229 0.568981 0.022917 0.149074
1 0.611146 0.605556 0.027083 0.168519
1 0.459062 0.661574 0.042708 0.206481
1 0.382500 0.582407 0.030208 0.159259
0 0.403594 0.575926 0.025521 0.172222
0 0.543177 0.773148 0.072396 0.288889
0 0.511667 0.580926 0.042708 0.174074
0 0.214531 0.726759 0.044271 0.219444
1 0.264948 0.540370 0.027604 0.110741
1 0.213906 0.536481 0.029687 0.109259
1 0.163125 0.537870 0.026042 0.126852
1 0.110521 0.498981 0.019792 0.100926
1 0.194115 0.498056 0.019271 0.104630
0 0.141250 0.436019 0.018750 0.080556
0 0.062083 0.443889 0.017708 0.079630
0 0.231615 0.399907 0.011979 0.076852