0 0.963125 0.881389 0.073750 0.234259
1 0.890052 0.722130 0.045312 0.241667
1 0.959323 0.633241 0.039063 0.154630
1 0.762969 0.846944 0.065104 0.306111
1 0.807240 0.651759 0.049479 0.223148
1 0.845781 0.610093 0.031771 0.206481
0 0.683021 0.635556 0.041667 0.196296
1 0.581458 0.663796 0.054167 0.178704
1 0.658542 0.574444 0.026042 0.150000
0 0.862188 0.558704 0.029167 0.181481
0 0.711927 0.528148 0.020313 0.142593
1 0.382500 0.580463 0.033333 0.158333
1 0.345521 0.601296 0.030208 0.155556
1 0.242656 0.611019 0.043229 0.165741
1 0.292135 0.563796 0.032813 0.139815
0 0.252031 0.494815 0.032813 0.124074
0 0.350625 0.948796 0.069792 0.102407
1 0.175365 0.536019 0.025521 0.136111
0 0.185781 0.453148 0.016146 0.118519
1 0.133698 0.458241 0.020313 0.100926
1 0.166250 0.412407 0.018750 0.079630
1 0.070417 0.450370 0.013542 0.070370
0 0.101406 0.458241 0.016146 0.097222