0 0.917099 0.706499 0.069575 0.276730
1 0.666509 0.744235 0.056604 0.264151
1 0.692807 0.547170 0.021226 0.121593
1 0.663031 0.546646 0.027712 0.105870
1 0.602005 0.526205 0.018868 0.132075
1 0.647406 0.505765 0.015330 0.107966
1 0.222583 0.540356 0.028892 0.133124
1 0.179835 0.518344 0.023585 0.131027
1 0.149469 0.524633 0.028892 0.139413
1 0.110849 0.477463 0.022406 0.082809
1 0.067630 0.483753 0.021816 0.095388
0 0.206781 0.421384 0.012382 0.060797
0 0.188797 0.423480 0.015330 0.060797
0 0.041686 0.509958 0.030071 0.105870