1 0.692699 0.560797 0.024121 0.166762
1 0.664558 0.568420 0.023585 0.168668
1 0.627037 0.506480 0.018225 0.115304
1 0.600772 0.522680 0.023585 0.141986
1 0.359831 0.601296 0.031625 0.160091
0 0.537253 0.583667 0.038057 0.180103
0 0.509112 0.530779 0.025729 0.163903
1 0.418257 0.657519 0.035913 0.221079
1 0.286932 0.540785 0.018761 0.147703
1 0.180264 0.621784 0.031625 0.168668
1 0.217517 0.516009 0.021441 0.107681
1 0.161503 0.494092 0.020905 0.080999
1 0.124250 0.506003 0.020369 0.104822
1 0.071720 0.475510 0.015009 0.083857
0 0.307301 0.549838 0.024121 0.148656
0 0.031250 0.485992 0.021977 0.102916
0 0.154267 0.406423 0.013937 0.069564
0 0.139483 0.416208 0.015846 0.077961