1 0.915920 0.851153 0.064858 0.289308
0 0.716981 0.637967 0.036597 0.208921
1 0.689533 0.566761 0.016672 0.157594
1 0.664932 0.561700 0.021958 0.179281
1 0.599057 0.523748 0.018705 0.143859
1 0.635654 0.508566 0.021958 0.132292
0 0.330270 0.592496 0.035784 0.183619
1 0.268868 0.569002 0.030904 0.146751
1 0.220885 0.530326 0.030091 0.133015
1 0.160093 0.557074 0.027245 0.153257
0 0.239793 0.528157 0.014232 0.135907
0 0.181238 0.416974 0.014232 0.069399
0 0.167412 0.422757 0.013419 0.082412
1 0.097674 0.489265 0.026025 0.098316
1 0.130002 0.492879 0.017485 0.092532
1 0.062093 0.467578 0.023178 0.098316