1 0.687893 0.558850 0.022462 0.165718
1 0.664027 0.565838 0.020777 0.167715
1 0.314465 0.565838 0.025831 0.151742
1 0.394486 0.614256 0.034254 0.160727
1 0.626685 0.505441 0.014600 0.120795
1 0.607592 0.518419 0.019093 0.134771
0 0.652796 0.503444 0.019654 0.124788
0 0.555684 0.537479 0.030816 0.162908
0 0.454852 0.668663 0.034816 0.219627
0 0.416667 0.560347 0.028077 0.180693
0 0.186995 0.639912 0.033693 0.187681
0 0.339895 0.558781 0.022678 0.172553
1 0.233309 0.515239 0.023585 0.127399
1 0.130203 0.522876 0.025666 0.110988
1 0.083380 0.481564 0.019423 0.087557
1 0.177719 0.506228 0.022198 0.070292
1 0.165580 0.472315 0.018729 0.069059
0 0.121878 0.426070 0.014567 0.062893