1 0.951297 0.738994 0.062500 0.270440
1 0.663561 0.573375 0.024764 0.140461
1 0.689844 0.566296 0.024479 0.153704
1 0.607552 0.524630 0.019271 0.127778
1 0.576302 0.606111 0.029687 0.146296
1 0.442188 0.658426 0.037500 0.195370
1 0.361458 0.579259 0.030208 0.157407
0 0.626302 0.543611 0.019271 0.165741
0 0.513281 0.739444 0.046354 0.255556
0 0.488490 0.576759 0.030729 0.173148
0 0.409323 0.541574 0.027604 0.154630
0 0.210625 0.710556 0.051042 0.209259
0 0.059583 0.441111 0.022917 0.087037
1 0.255937 0.535093 0.029167 0.112037
1 0.155677 0.539259 0.024479 0.112963
1 0.205417 0.532315 0.025000 0.093519
1 0.184062 0.495741 0.023958 0.112963
1 0.103594 0.498056 0.027604 0.102778
0 0.239427 0.398611 0.011979 0.075000
0 0.135000 0.436574 0.019792 0.075000