1 0.688384 0.562893 0.030071 0.163522
1 0.663031 0.563417 0.026533 0.179245
1 0.595519 0.525157 0.022406 0.144654
1 0.627653 0.508386 0.024175 0.111111
0 0.637382 0.609539 0.023585 0.208595
0 0.429540 0.536478 0.032429 0.159329
0 0.368514 0.603564 0.033019 0.184486
0 0.265625 0.531237 0.015920 0.142558
1 0.245873 0.543291 0.028302 0.131027
1 0.299823 0.585220 0.027712 0.154088
1 0.168927 0.585220 0.031250 0.137317
1 0.202830 0.498742 0.023585 0.102725
1 0.105542 0.496122 0.027123 0.099581
1 0.066156 0.466247 0.024764 0.100629
1 0.143101 0.503459 0.021816 0.091195
1 0.033726 0.491929 0.022406 0.095388
0 0.171993 0.421174 0.018278 0.096436
0 0.156073 0.418553 0.017099 0.084906
0 0.105071 0.413312 0.021226 0.053459