1 0.688320 0.562027 0.027174 0.162246
1 0.661403 0.562027 0.026661 0.175007
1 0.626025 0.501413 0.020509 0.121229
1 0.600390 0.525112 0.017432 0.128521
1 0.335572 0.590739 0.028199 0.152219
0 0.570652 0.590739 0.033839 0.175918
0 0.479132 0.535138 0.036403 0.161334
0 0.402738 0.624465 0.040505 0.188679
0 0.356081 0.543797 0.029225 0.175007
0 0.297375 0.537781 0.027687 0.147662
1 0.274303 0.549175 0.026661 0.133990
1 0.172785 0.607055 0.042043 0.162246
1 0.210726 0.509981 0.026661 0.110291
1 0.114848 0.505423 0.024610 0.102999
1 0.154327 0.497220 0.020509 0.068362
1 0.067781 0.472154 0.020509 0.092972
0 0.031649 0.487117 0.026628 0.106174
0 0.160986 0.411713 0.013694 0.055454
0 0.145199 0.408332 0.016357 0.054102