1 0.841627 0.844864 0.055425 0.310272
0 0.762264 0.651153 0.039308 0.252970
1 0.660849 0.567296 0.031447 0.171908
1 0.689544 0.564500 0.027516 0.171908
1 0.647484 0.505800 0.015723 0.124389
1 0.615645 0.509993 0.013365 0.121593
1 0.581447 0.514186 0.015723 0.107617
1 0.255189 0.562404 0.022013 0.139762
1 0.211164 0.521174 0.018868 0.135570
0 0.311013 0.587549 0.025636 0.173184
1 0.158993 0.559293 0.028199 0.127609
1 0.093109 0.485917 0.017432 0.097530
1 0.054912 0.464042 0.015894 0.093884
1 0.127461 0.488196 0.016407 0.087503
1 0.178476 0.492298 0.018970 0.086592
0 0.187961 0.421657 0.016407 0.091149
0 0.172580 0.428493 0.018458 0.082946
1 0.110798 0.460851 0.014869 0.085680
1 0.153866 0.428949 0.015894 0.085680