0 0.677992 0.618449 0.037588 0.212264
1 0.631928 0.511006 0.020637 0.131027
1 0.598025 0.521488 0.023585 0.138889
0 0.405613 0.530482 0.024057 0.154298
0 0.347123 0.600084 0.038208 0.162683
0 0.334387 0.561509 0.026887 0.166038
0 0.304670 0.530901 0.025943 0.161845
0 0.178255 0.424403 0.014623 0.076310
0 0.163160 0.428595 0.017453 0.083019
0 0.252547 0.527547 0.024528 0.133333
1 0.238160 0.532579 0.027830 0.138365
1 0.193113 0.496101 0.016981 0.102306
1 0.162689 0.582893 0.039151 0.118239
1 0.103019 0.489811 0.029245 0.096436
1 0.064104 0.464235 0.015566 0.098952
0 0.030142 0.491908 0.023113 0.102306
0 0.105142 0.412243 0.015566 0.053669