0 0.872288 0.871069 0.069575 0.257862
0 0.967689 0.823899 0.064622 0.352201
0 0.800773 0.613906 0.024240 0.210808
1 0.914767 0.599930 0.024240 0.117633
1 0.712461 0.814116 0.058307 0.302819
1 0.728839 0.637084 0.041274 0.214302
1 0.690514 0.562544 0.028826 0.139762
1 0.661032 0.567202 0.026205 0.167715
1 0.612880 0.609131 0.033412 0.191009
1 0.547694 0.651060 0.044549 0.200326
0 0.575537 0.631260 0.018999 0.200326
0 0.306931 0.907291 0.075341 0.179362
0 0.258451 0.490333 0.022930 0.125786
1 0.364583 0.574191 0.034722 0.149080
1 0.330844 0.590496 0.028826 0.149080
1 0.233229 0.600396 0.031447 0.143256
1 0.167715 0.528185 0.027516 0.129280
1 0.130644 0.459194 0.025270 0.093591
1 0.066627 0.451333 0.016846 0.074873