1 0.691955 0.557652 0.024895 0.170044
1 0.662618 0.565514 0.021226 0.177149
1 0.627241 0.511006 0.017689 0.145702
1 0.607488 0.517820 0.018278 0.148847
1 0.376651 0.602201 0.037736 0.158281
1 0.302358 0.556080 0.022406 0.149895
0 0.530542 0.531237 0.028302 0.161426
0 0.507842 0.575262 0.034788 0.169811
0 0.437677 0.662264 0.038325 0.207547
0 0.322406 0.549581 0.015330 0.149895
1 0.185024 0.638155 0.042453 0.174004
1 0.226592 0.516038 0.025354 0.097484
1 0.126061 0.514465 0.023585 0.106918
1 0.170283 0.503983 0.023585 0.075472
1 0.073585 0.480398 0.018868 0.095388
0 0.146308 0.419866 0.014639 0.073737
0 0.132889 0.419143 0.015452 0.075183
0 0.118047 0.422757 0.016672 0.067953