1 0.768414 0.811805 0.051705 0.303177
0 0.817398 0.660216 0.055334 0.245122
1 0.691310 0.559426 0.028120 0.166102
1 0.663189 0.560232 0.026306 0.161264
1 0.645501 0.508628 0.019956 0.129011
1 0.619194 0.511853 0.010885 0.129011
1 0.599692 0.527979 0.024492 0.132237
1 0.244497 0.556138 0.027516 0.145586
1 0.197982 0.518286 0.024895 0.132774
1 0.089557 0.481016 0.025550 0.097834
0 0.297563 0.578267 0.028826 0.171209
0 0.196344 0.426275 0.017689 0.081528
0 0.178001 0.423364 0.016378 0.087352
0 0.155398 0.423364 0.022275 0.082693
0 0.035181 0.500233 0.029481 0.098998
1 0.153105 0.550314 0.025550 0.133939
0 0.218291 0.517703 0.019654 0.131610