1 0.721934 0.789308 0.047170 0.278826
1 0.642453 0.509434 0.020047 0.109015
1 0.662500 0.569182 0.021226 0.153040
1 0.692866 0.563417 0.028892 0.147799
1 0.601474 0.525157 0.019458 0.140461
0 0.858550 0.689727 0.063090 0.262055
1 0.234139 0.556604 0.024175 0.146751
1 0.186085 0.512579 0.024764 0.117400
1 0.081132 0.472746 0.017689 0.092243
1 0.119163 0.479560 0.011203 0.095388
1 0.154540 0.544025 0.032429 0.129979
1 0.058137 0.485325 0.011792 0.106918
1 0.056368 0.487945 0.003538 0.001048
0 0.036910 0.506289 0.023585 0.111111
0 0.202653 0.425052 0.019458 0.076520
0 0.184080 0.421908 0.018868 0.072327
1 0.158726 0.425052 0.014151 0.059748
1 0.100943 0.440252 0.018868 0.083857