1 0.690813 0.563043 0.020216 0.161725
1 0.665263 0.562544 0.021900 0.176700
1 0.607985 0.518618 0.019654 0.136767
1 0.627920 0.497155 0.020216 0.101827
1 0.521226 0.605970 0.034816 0.133773
0 0.655436 0.494160 0.011231 0.103824
0 0.577943 0.538584 0.048293 0.150744
0 0.468160 0.696815 0.043239 0.237596
1 0.408637 0.634421 0.040993 0.178696
1 0.330301 0.570231 0.022462 0.143756
1 0.237927 0.517820 0.026393 0.110812
0 0.350517 0.565738 0.021339 0.168713
1 0.194969 0.663073 0.041554 0.193671
1 0.139656 0.523310 0.027516 0.107817
1 0.186265 0.513826 0.019654 0.088849
1 0.087994 0.484377 0.018531 0.091844