1 0.690701 0.562843 0.025831 0.157732
1 0.665712 0.570330 0.023023 0.164720
1 0.626404 0.507937 0.020777 0.125786
1 0.320081 0.584806 0.029200 0.161725
0 0.606469 0.602775 0.034816 0.175701
0 0.458783 0.527903 0.037062 0.165718
0 0.384378 0.628232 0.034254 0.210642
1 0.261399 0.542578 0.026393 0.140761
1 0.166498 0.599980 0.030885 0.147749
1 0.111748 0.500649 0.022462 0.098832
1 0.204964 0.503145 0.024708 0.101827
1 0.067217 0.468204 0.021900 0.099830
1 0.032963 0.485175 0.020777 0.109813
0 0.166049 0.414296 0.015162 0.071878
0 0.149764 0.413297 0.018531 0.063891
0 0.111298 0.416292 0.023585 0.063891