1 0.979481 0.757862 0.041038 0.257862
1 0.692396 0.565185 0.022917 0.157407
1 0.663750 0.565648 0.026042 0.169444
1 0.428333 0.648981 0.038542 0.202778
0 0.491354 0.717500 0.050000 0.256481
0 0.609323 0.539722 0.035937 0.167593
0 0.459583 0.576296 0.026042 0.175926
1 0.545521 0.609167 0.028125 0.150926
0 0.653854 0.491574 0.014583 0.102778
0 0.202552 0.678148 0.043229 0.209259
0 0.059062 0.438796 0.014583 0.080556
0 0.368698 0.568889 0.021354 0.172222
1 0.347344 0.567963 0.034896 0.159259
1 0.250990 0.524907 0.023438 0.121296
1 0.196042 0.518426 0.025000 0.086111
1 0.177812 0.492500 0.016667 0.095370
1 0.147083 0.523981 0.021875 0.115741
1 0.097865 0.488333 0.021354 0.101852
0 0.128594 0.428611 0.021354 0.076852
0 0.956458 0.613704 0.042708 0.174074